(0,0):(35,35)
(0,1):(35,45)
(0,2):(35,55)
(0,3):(35,65)
(0,4):(35,75)
(0,5):(35,85)
(0,6):(35,95)
(0,7):(35,105)
(0,8):(35,115)
(0,9):(35,125)
(0,10):(35,135)
(0,11):(35,145)
(0,12):(35,155)
(0,13):(35,165)
(0,14):(35,175)
(0,15):(35,185)
(0,16):(35,190)
(0,17):(35,190)
(0,18):(35,190)
(0,19):(35,190)
(1,0):(45,35)
(1,1):(45,45)
(1,2):(45,55)
(1,3):(45,65)
(1,4):(45,75)
(1,5):(45,85)
(1,6):(45,95)
(1,7):(45,105)
(1,8):(45,115)
(1,9):(45,125)
(1,10):(45,135)
(1,11):(45,145)
(1,12):(45,155)
(1,13):(45,165)
(1,14):(45,175)
(1,15):(45,185)
(1,16):(45,190)
(1,17):(45,190)
(1,18):(45,190)
(1,19):(45,190)
(2,0):(55,35)
(2,1):(55,45)
(2,2):(55,55)
(2,3):(55,65)
(2,4):(55,75)
(2,5):(55,85)
(2,6):(55,95)
(2,7):(55,105)
(2,8):(55,115)
(2,9):(55,125)
(2,10):(55,135)
(2,11):(55,145)
(2,12):(55,155)
(2,13):(55,165)
(2,14):(55,175)
(2,15):(55,185)
(2,16):(55,190)
(2,17):(55,190)
(2,18):(55,190)
(2,19):(55,190)
(3,0):(65,35)
(3,1):(65,45)
(3,2):(65,55)
(3,3):(65,65)
(3,4):(65,75)
(3,5):(65,85)
(3,6):(65,95)
(3,7):(65,105)
(3,8):(65,115)
(3,9):(65,125)
(3,10):(65,135)
(3,11):(65,145)
(3,12):(65,155)
(3,13):(65,165)
(3,14):(65,175)
(3,15):(65,185)
(3,16):(65,190)
(3,17):(65,190)
(3,18):(65,190)
(3,19):(65,190)
(4,0):(75,35)
(4,1):(75,45)
(4,2):(75,55)
(4,3):(75,65)
(4,4):(75,75)
(4,5):(75,85)
(4,6):(75,95)
(4,7):(75,105)
(4,8):(75,115)
(4,9):(75,125)
(4,10):(75,135)
(4,11):(75,145)
(4,12):(75,155)
(4,13):(75,165)
(4,14):(75,175)
(4,15):(75,185)
(4,16):(75,190)
(4,17):(75,190)
(4,18):(75,190)
(4,19):(75,190)
(5,0):(85,35)
(5,1):(85,45)
(5,2):(85,55)
(5,3):(85,65)
(5,4):(85,75)
(5,5):(85,85)
(5,6):(85,95)
(5,7):(85,105)
(5,8):(85,115)
(5,9):(85,125)
(5,10):(85,135)
(5,11):(85,145)
(5,12):(85,155)
(5,13):(85,165)
(5,14):(85,175)
(5,15):(85,185)
(5,16):(85,190)
(5,17):(85,190)
(5,18):(85,190)
(5,19):(85,190)
(6,0):(95,35)
(6,1):(95,45)
(6,2):(95,55)
(6,3):(95,65)
(6,4):(95,75)
(6,5):(95,85)
(6,6):(95,95)
(6,7):(95,105)
(6,8):(95,115)
(6,9):(95,125)
(6,10):(95,135)
(6,11):(95,145)
(6,12):(95,155)
(6,13):(95,165)
(6,14):(95,175)
(6,15):(95,185)
(6,16):(95,190)
(6,17):(95,190)
(6,18):(95,190)
(6,19):(95,190)
(7,0):(105,35)
(7,1):(105,45)
(7,2):(105,55)
(7,3):(105,65)
(7,4):(105,75)
(7,5):(105,85)
(7,6):(105,95)
(7,7):(105,105)
(7,8):(105,115)
(7,9):(105,125)
(7,10):(105,135)
(7,11):(105,145)
(7,12):(105,155)
(7,13):(105,165)
(7,14):(105,175)
(7,15):(105,185)
(7,16):(105,190)
(7,17):(105,190)
(7,18):(105,190)
(7,19):(105,190)
(8,0):(115,35)
(8,1):(115,45)
(8,2):(115,55)
(8,3):(115,65)
(8,4):(115,75)
(8,5):(115,85)
(8,6):(115,95)
(8,7):(115,105)
(8,8):(115,115)
(8,9):(115,125)
(8,10):(115,135)
(8,11):(115,145)
(8,12):(115,155)
(8,13):(115,165)
(8,14):(115,175)
(8,15):(115,185)
(8,16):(115,190)
(8,17):(115,190)
(8,18):(115,190)
(8,19):(115,190)
(9,0):(125,35)
(9,1):(125,45)
(9,2):(125,55)
(9,3):(125,65)
(9,4):(125,75)
(9,5):(125,85)
(9,6):(125,95)
(9,7):(125,105)
(9,8):(125,115)
(9,9):(125,125)
(9,10):(125,135)
(9,11):(125,145)
(9,12):(125,155)
(9,13):(125,165)
(9,14):(125,175)
(9,15):(125,185)
(9,16):(125,190)
(9,17):(125,190)
(9,18):(125,190)
(9,19):(125,190)
(10,0):(135,35)
(10,1):(135,45)
(10,2):(135,55)
(10,3):(135,65)
(10,4):(135,75)
(10,5):(135,85)
(10,6):(135,95)
(10,7):(135,105)
(10,8):(135,115)
(10,9):(135,125)
(10,10):(135,135)
(10,11):(135,145)
(10,12):(135,155)
(10,13):(135,165)
(10,14):(135,175)
(10,15):(135,185)
(10,16):(135,190)
(10,17):(135,190)
(10,18):(135,190)
(10,19):(135,190)
(11,0):(145,35)
(11,1):(145,45)
(11,2):(145,55)
(11,3):(145,65)
(11,4):(145,75)
(11,5):(145,85)
(11,6):(145,95)
(11,7):(145,105)
(11,8):(145,115)
(11,9):(145,125)
(11,10):(145,135)
(11,11):(145,145)
(11,12):(145,155)
(11,13):(145,165)
(11,14):(145,175)
(11,15):(145,185)
(11,16):(145,190)
(11,17):(145,190)
(11,18):(145,190)
(11,19):(145,190)
(12,0):(155,35)
(12,1):(155,45)
(12,2):(155,55)
(12,3):(155,65)
(12,4):(155,75)
(12,5):(155,85)
(12,6):(155,95)
(12,7):(155,105)
(12,8):(155,115)
(12,9):(155,125)
(12,10):(155,135)
(12,11):(155,145)
(12,12):(155,155)
(12,13):(155,165)
(12,14):(155,175)
(12,15):(155,185)
(12,16):(155,190)
(12,17):(155,190)
(12,18):(155,190)
(12,19):(155,190)
(13,0):(165,35)
(13,1):(165,45)
(13,2):(165,55)
(13,3):(165,65)
(13,4):(165,75)
(13,5):(165,85)
(13,6):(165,95)
(13,7):(165,105)
(13,8):(165,115)
(13,9):(165,125)
(13,10):(165,135)
(13,11):(165,145)
(13,12):(165,155)
(13,13):(165,165)
(13,14):(165,175)
(13,15):(165,185)
(13,16):(165,190)
(13,17):(165,190)
(13,18):(165,190)
(13,19):(165,190)
(14,0):(175,35)
(14,1):(175,45)
(14,2):(175,55)
(14,3):(175,65)
(14,4):(175,75)
(14,5):(175,85)
(14,6):(175,95)
(14,7):(175,105)
(14,8):(175,115)
(14,9):(175,125)
(14,10):(175,135)
(14,11):(175,145)
(14,12):(175,155)
(14,13):(175,165)
(14,14):(175,175)
(14,15):(175,185)
(14,16):(175,190)
(14,17):(175,190)
(14,18):(175,190)
(14,19):(175,190)
(15,0):(185,35)
(15,1):(185,45)
(15,2):(185,55)
(15,3):(185,65)
(15,4):(185,75)
(15,5):(185,85)
(15,6):(185,95)
(15,7):(185,105)
(15,8):(185,115)
(15,9):(185,125)
(15,10):(185,135)
(15,11):(185,145)
(15,12):(185,155)
(15,13):(185,165)
(15,14):(185,175)
(15,15):(185,185)
(15,16):(185,190)
(15,17):(185,190)
(15,18):(185,190)
(15,19):(185,190)
(16,0):(190,35)
(16,1):(190,45)
(16,2):(190,55)
(16,3):(190,65)
(16,4):(190,75)
(16,5):(190,85)
(16,6):(190,95)
(16,7):(190,105)
(16,8):(190,115)
(16,9):(190,125)
(16,10):(190,135)
(16,11):(190,145)
(16,12):(190,155)
(16,13):(190,165)
(16,14):(190,175)
(16,15):(190,185)
(16,16):(190,190)
(16,17):(190,190)
(16,18):(190,190)
(16,19):(190,190)
(17,0):(190,35)
(17,1):(190,45)
(17,2):(190,55)
(17,3):(190,65)
(17,4):(190,75)
(17,5):(190,85)
(17,6):(190,95)
(17,7):(190,105)
(17,8):(190,115)
(17,9):(190,125)
(17,10):(190,135)
(17,11):(190,145)
(17,12):(190,155)
(17,13):(190,165)
(17,14):(190,175)
(17,15):(190,185)
(17,16):(190,190)
(17,17):(190,190)
(17,18):(190,190)
(17,19):(190,190)
(18,0):(190,35)
(18,1):(190,45)
(18,2):(190,55)
(18,3):(190,65)
(18,4):(190,75)
(18,5):(190,85)
(18,6):(190,95)
(18,7):(190,105)
(18,8):(190,115)
(18,9):(190,125)
(18,10):(190,135)
(18,11):(190,145)
(18,12):(190,155)
(18,13):(190,165)
(18,14):(190,175)
(18,15):(190,185)
(18,16):(190,190)
(18,17):(190,190)
(18,18):(190,190)
(18,19):(190,190)
(19,0):(190,35)
(19,1):(190,45)
(19,2):(190,55)
(19,3):(190,65)
(19,4):(190,75)
(19,5):(190,85)
(19,6):(190,95)
(19,7):(190,105)
(19,8):(190,115)
(19,9):(190,125)
(19,10):(190,135)
(19,11):(190,145)
(19,12):(190,155)
(19,13):(190,165)
(19,14):(190,175)
(19,15):(190,185)
(19,16):(190,190)
(19,17):(190,190)
(19,18):(190,190)
(19,19):(190,190)
