(0,0):(0,41)
(0,1):(0,111)
(0,2):(0,181)
(0,3):(0,230)
(0,4):(0,230)
(1,0):(22,41)
(1,1):(22,111)
(1,2):(22,181)
(1,3):(22,230)
(1,4):(22,230)
(2,0):(46,41)
(2,1):(46,111)
(2,2):(46,181)
(2,3):(46,230)
(2,4):(46,230)
(3,0):(70,41)
(3,1):(70,111)
(3,2):(70,181)
(3,3):(70,230)
(3,4):(70,230)
(4,0):(94,41)
(4,1):(94,111)
(4,2):(94,181)
(4,3):(94,230)
(4,4):(94,230)
(5,0):(118,41)
(5,1):(118,111)
(5,2):(118,181)
(5,3):(118,230)
(5,4):(118,230)
(6,0):(142,41)
(6,1):(142,111)
(6,2):(142,181)
(6,3):(142,230)
(6,4):(142,230)
(7,0):(166,41)
(7,1):(166,111)
(7,2):(166,181)
(7,3):(166,230)
(7,4):(166,230)
(8,0):(190,41)
(8,1):(190,111)
(8,2):(190,181)
(8,3):(190,230)
(8,4):(190,230)
(9,0):(214,41)
(9,1):(214,111)
(9,2):(214,181)
(9,3):(214,230)
(9,4):(214,230)
(10,0):(238,41)
(10,1):(238,111)
(10,2):(238,181)
(10,3):(238,230)
(10,4):(238,230)
(11,0):(262,41)
(11,1):(262,111)
(11,2):(262,181)
(11,3):(262,230)
(11,4):(262,230)
(12,0):(276,41)
(12,1):(276,111)
(12,2):(276,181)
(12,3):(276,230)
(12,4):(276,230)
