(0,0):(15,15)
(0,1):(15,45)
(0,2):(15,75)
(0,3):(15,105)
(0,4):(15,135)
(0,5):(15,165)
(0,6):(15,195)
(0,7):(15,225)
(0,8):(15,255)
(0,9):(15,270)
(1,0):(45,15)
(1,1):(45,45)
(1,2):(45,75)
(1,3):(45,105)
(1,4):(45,135)
(1,5):(45,165)
(1,6):(45,195)
(1,7):(45,225)
(1,8):(45,255)
(1,9):(45,270)
(2,0):(75,15)
(2,1):(75,45)
(2,2):(75,75)
(2,3):(75,105)
(2,4):(75,135)
(2,5):(75,165)
(2,6):(75,195)
(2,7):(75,225)
(2,8):(75,255)
(2,9):(75,270)
(3,0):(105,15)
(3,1):(105,45)
(3,2):(105,75)
(3,3):(105,105)
(3,4):(105,135)
(3,5):(105,165)
(3,6):(105,195)
(3,7):(105,225)
(3,8):(105,255)
(3,9):(105,270)
(4,0):(135,15)
(4,1):(135,45)
(4,2):(135,75)
(4,3):(135,105)
(4,4):(135,135)
(4,5):(135,165)
(4,6):(135,195)
(4,7):(135,225)
(4,8):(135,255)
(4,9):(135,270)
(5,0):(165,15)
(5,1):(165,45)
(5,2):(165,75)
(5,3):(165,105)
(5,4):(165,135)
(5,5):(165,165)
(5,6):(165,195)
(5,7):(165,225)
(5,8):(165,255)
(5,9):(165,270)
(6,0):(195,15)
(6,1):(195,45)
(6,2):(195,75)
(6,3):(195,105)
(6,4):(195,135)
(6,5):(195,165)
(6,6):(195,195)
(6,7):(195,225)
(6,8):(195,255)
(6,9):(195,270)
(7,0):(225,15)
(7,1):(225,45)
(7,2):(225,75)
(7,3):(225,105)
(7,4):(225,135)
(7,5):(225,165)
(7,6):(225,195)
(7,7):(225,225)
(7,8):(225,255)
(7,9):(225,270)
(8,0):(255,15)
(8,1):(255,45)
(8,2):(255,75)
(8,3):(255,105)
(8,4):(255,135)
(8,5):(255,165)
(8,6):(255,195)
(8,7):(255,225)
(8,8):(255,255)
(8,9):(255,270)
(9,0):(270,15)
(9,1):(270,45)
(9,2):(270,75)
(9,3):(270,105)
(9,4):(270,135)
(9,5):(270,165)
(9,6):(270,195)
(9,7):(270,225)
(9,8):(270,255)
(9,9):(270,270)
