(0,0):(15,15)
(0,1):(15,55)
(0,2):(15,95)
(0,3):(15,135)
(0,4):(15,175)
(0,5):(15,215)
(0,6):(15,230)
(0,7):(15,230)
(1,0):(55,15)
(1,1):(55,55)
(1,2):(55,95)
(1,3):(55,135)
(1,4):(55,175)
(1,5):(55,215)
(1,6):(55,230)
(1,7):(55,230)
(2,0):(95,15)
(2,1):(95,55)
(2,2):(95,95)
(2,3):(95,135)
(2,4):(95,175)
(2,5):(95,215)
(2,6):(95,230)
(2,7):(95,230)
(3,0):(135,15)
(3,1):(135,55)
(3,2):(135,95)
(3,3):(135,135)
(3,4):(135,175)
(3,5):(135,215)
(3,6):(135,230)
(3,7):(135,230)
(4,0):(175,15)
(4,1):(175,55)
(4,2):(175,95)
(4,3):(175,135)
(4,4):(175,175)
(4,5):(175,215)
(4,6):(175,230)
(4,7):(175,230)
(5,0):(215,15)
(5,1):(215,55)
(5,2):(215,95)
(5,3):(215,135)
(5,4):(215,175)
(5,5):(215,215)
(5,6):(215,230)
(5,7):(215,230)
(6,0):(230,15)
(6,1):(230,55)
(6,2):(230,95)
(6,3):(230,135)
(6,4):(230,175)
(6,5):(230,215)
(6,6):(230,230)
(6,7):(230,230)
(7,0):(230,15)
(7,1):(230,55)
(7,2):(230,95)
(7,3):(230,135)
(7,4):(230,175)
(7,5):(230,215)
(7,6):(230,230)
(7,7):(230,230)
